28416073 
28725831 
13596470 
7920086 
10126569 
5785060 
4656984 
1495846 
2940865 
10771382 
1837886 
0 
5480289 
16075536 
3612926 
1085296 
0 
3946820 
11435852 
2332914 
18921234 
263122 
8999040 
28680842 
20371620 
3076191 
0 
1129026 
0 
475699 
1173164 
13301641 
8003146 
0 
65004 
0 
12655285 
2012237 
11468744 
16025611 
12891914 
5726133 
16420264 
1821183 
348717 
5432436 
31289909 
3204042 
1149940 
0 
10161059 
7841053 
13282720 
6129605 
30315887 
7126026 
23439546 
1622221 
24811405 
0 
2028461 
4384643 
0 
0 
0 
9470483 
2832286 
0 
921008 
1414443 
4332621 
0 
7524154 
9609411 
707407 
11819033 
20768175 
0 
28985109 
4737610 
4731096 
5270363 
3415008 
15602205 
12696103 
8622741 
5808475 
17156653 
0 
27734516 
31646784 
3806650 
1122036 
674452 
6021003 
13250858 
0 
2090818 
7172062 
1661983 
9798721 
3419930 
10999615 
0 
0 
3889933 
0 
0 
0 
0 
1960170 
3854291 
16887597 
26818548 
19457360 
3916418 
0 
0 
4595450 
6709780 
0 
11058440 
0 
0 
0 
6312156 
3186506 
2970055 
0 
0 
3050457 
0 
1885380 
0 
12604154 
20031183 
19048908 
3899270 
633365 
10829845 
3783661 
6158315 
0 
15884002 
27594666 
0 
23499038 
15343242 
26388770 
14959924 
0 
0 
1676015 
6549030 
17826911 
7652363 
13669121 
0 
0 
14862395 
0 
5878453 
0 
0 
13719657 
0 
568707 
516438 
68074 
14105508 
0 
0 
0 
2719957 
14225174 
1923206 
0 
28725831 
13596470 
7920086 
10126569 
5785060 
4656984 
2940865 
10771382 
28725831 
13596470 
7920086 
10126569 
5785060 
4656984 
2940865 
10771382 
28725831 
13596470 
7920086 
10126569 
5785060 
4656984 
2940865 
10771382 
28725831 
13596470 
7920086 
10126569 
5785060 
4656984 
2940865 
10771382 
28725831 
13596470 
7920086 
10126569 
5785060 
4656984 
2940865 
10771382 
28725831 
13596470 
7920086 
10126569 
5785060 
4656984 
2940865 
10771382 
28725831 
13596470 
7920086 
10126569 
5785060 
4656984 
2940865 
10771382 
28725831 
13596470 
7920086 
10126569 
5785060 
4656984 
2940865 
10771382 
28725831 
13596470 
7920086 
10126569 
5785060 
4656984 
2940865 
10771382 
28725831
13596470
7920086
10126569
5785060
28725831
13596470
7920086
10126569
5785060
28725831
13596470
7920086
10126569
5785060
